6.298845012982685909e-05 7.936526326411754567e-03 1.922607421875000000e-02 2.160174894839516149e-02 3.009033203125000000e-01 1.173208569005797786e-01 3.906250000000000000e-01 1.411574185056545083e+00 1.867745512015663301e-01 1.771582497490776270e-05 1.877956709734044521e-02 1.017252604166651864e-02 2.000000000000000000e+00 1.456705729166634100e-01 5.717235866673827521e-02 2.148437500000000000e-01 1.419639706732870987e+00 1.860841379851247146e-01 1.000000000000000000e+00
5.835253331396318146e-05 7.638882988628846807e-03 1.759847005208348136e-02 2.160174894839516149e-02 3.076171875000000000e-01 9.605622838333013891e-02 3.808593750000000000e-01 1.409768325438873315e+00 1.856763728510110179e-01 8.899304601881229926e-06 1.331014915429980759e-02 7.527669270833481363e-03 2.000000000000000000e+00 1.314290364583330373e-01 4.915674632446198622e-02 1.513671875000000000e-01 1.417791402419556590e+00 1.849704000515725033e-01 1.000000000000000000e+00
5.161596669091119083e-05 7.184425286055328222e-03 2.339680989583348136e-02 2.160174894839516149e-02 2.583821614583312609e-01 9.924559699330919027e-02 3.613281250000000000e-01 1.410022916190467601e+00 1.858303264550085487e-01 1.026524437798393288e-05 1.429517685557363943e-02 8.951822916666518637e-03 2.000000000000000000e+00 1.155598958333365900e-01 3.906250000000002776e-02 1.416015625000000000e-01 1.417286542087587753e+00 1.846673729151495080e-01 1.000000000000000000e+00
6.254348489973284833e-05 7.908443898753588289e-03 2.095540364583348136e-02 2.160174894839516149e-02 2.917480468750008882e-01 9.145756952436746856e-02 3.955078125000000000e-01 1.409344300385238169e+00 1.854196570656092002e-01 1.066881749365064927e-05 1.457347194492999640e-02 8.443196614583481363e-03 2.000000000000000000e+00 1.308186848958312609e-01 4.416748326301840610e-02 1.660156250000000000e-01 1.417426756135614863e+00 1.847515512103057589e-01 1.000000000000000000e+00
8.211160699526469365e-05 9.061545508094339882e-03 2.044677734375000000e-02 2.160174894839516149e-02 3.778076171875000000e-01 1.222271082645183249e-01 4.980468750000000000e-01 1.410049240025456063e+00 1.858486294275178141e-01 2.027178804079691682e-05 2.008865751150524029e-02 1.007080078125000000e-02 2.000000000000000000e+00 1.568603515625000000e-01 5.157604333900225879e-02 2.539062500000000000e-01 1.416977334248965548e+00 1.844826519022710887e-01 1.000000000000000000e+00
7.351239522298176632e-05 8.573936973350210211e-03 2.685546875000000000e-02 2.160174894839516149e-02 3.320312500000000000e-01 1.045227268000359644e-01 3.955078125000000000e-01 1.408269347190841847e+00 1.847701196598558748e-01 1.315234435929193491e-05 1.618104150562595100e-02 8.646647135416518637e-03 2.000000000000000000e+00 1.452636718750017764e-01 4.139070225022633415e-02 1.953125000000000000e-01 1.416753289983435637e+00 1.843478340947651839e-01 1.000000000000000000e+00
6.646538774172465458e-05 8.152630725215307197e-03 2.227783203125000000e-02 2.160174894839516149e-02 3.161621093750000000e-01 1.123046875000000000e-01 4.199218750000000000e-01 1.408184948727399632e+00 1.847185868346666038e-01 1.837809880574544158e-05 1.912736640551296330e-02 1.098632812500000000e-02 2.000000000000000000e+00 1.635742187500000000e-01 6.240825312545101450e-02 2.050781250000000000e-01 1.416051155105391368e+00 1.839278630027052497e-01 1.000000000000000000e+00
4.320301943355133210e-05 6.572900382141154234e-03 1.963297526041651864e-02 2.160174894839516149e-02 2.121988932291634100e-01 9.647826413969319559e-02 3.613281250000000000e-01 1.408921606189397657e+00 1.851622205413935296e-01 1.091717018021476784e-05 1.474211947100464645e-02 7.425944010416518637e-03 2.000000000000000000e+00 1.416015625000000000e-01 4.829720355750757171e-02 1.025390625000000000e-01 1.416360469790120868e+00 1.841123999388394050e-01 1.000000000000000000e+00
5.115030540360343802e-05 7.151944169497091199e-03 2.126057942708348136e-02 2.160174894839516149e-02 2.691650390625008882e-01 8.762634174804521947e-02 3.515625000000000000e-01 1.408072761414463914e+00 1.846496614438908057e-01 1.423888736300997229e-05 1.683615492966053506e-02 8.951822916666518637e-03 2.000000000000000000e+00 1.416015625000026645e-01 7.478827614481595165e-02 1.660156250000000000e-01 1.415939079891754826e+00 1.838605277296500307e-01 1.000000000000000000e+00
7.446441385481098688e-05 8.629276554544476271e-03 2.095540364583348136e-02 2.160174894839516149e-02 3.348795572916669627e-01 1.182003753604512208e-01 4.882812500000000000e-01 1.407986417481237318e+00 1.845993045609767569e-01 1.141387555334302531e-05 1.507375502098929308e-02 4.984537760416518637e-03 2.000000000000000000e+00 1.147460937499964473e-01 5.874857940584460314e-02 1.953125000000000000e-01 1.415686465754541601e+00 1.837093086842293554e-01 1.000000000000000000e+00
3.714424868424733299e-04 1.927284324749395372e-02 5.645751953125000000e-02 2.268183639581491662e-01 6.787109375000000000e-01 3.741330616111431251e-01 8.837890625000000000e-01 1.409692077787946474e+00 1.856540678814038725e-01 1.971578846375147357e-03 1.981125377681430266e-01 1.553344726562500000e-01 1.900000000000000000e+01 1.504516601562500000e+00 5.368423767265571023e-01 2.094726562500000000e+00 1.418541115604374347e+00 1.855656858348784799e-01 2.000000000000000000e+00
5.138313604725730900e-04 2.266784860705958402e-02 6.398518880208348136e-02 2.268183639581491662e-01 7.356770833333357018e-01 3.399224108412500223e-01 1.215820312500000000e+00 1.407420842991370824e+00 1.842916818551450231e-01 1.313247614436679729e-03 1.616881517147661929e-01 9.053548177083348136e-02 2.200000000000000000e+01 1.350911458333335702e+00 6.198153307814515678e-01 1.542968750000000000e+00 1.420400011616457681e+00 1.866393502612023747e-01 2.000000000000000000e+00
4.572069479359519421e-04 2.138239808664949351e-02 4.994710286458348136e-02 2.160174894839516080e-01 7.794189453124991118e-01 2.698606465276241484e-01 1.206054687500000000e+00 1.408612828444183673e+00 1.850069961610663338e-01 2.704022659195795108e-03 2.320117872525636615e-01 1.926676432291665186e-01 2.300000000000000000e+01 1.694742838541666963e+00 7.639367890417542162e-01 2.480468750000000000e+00 1.416278693874508221e+00 1.842626249698409990e-01 2.000000000000000000e+00
2.453310622109307966e-04 1.566304766675153878e-02 4.130045572916651864e-02 2.376192384323467521e-01 5.627441406250008882e-01 1.660156250000000000e-01 8.447265625000000000e-01 1.408201875048041396e+00 1.847425039831994131e-01 2.210670047336155044e-03 2.097813373855438868e-01 1.920572916666665186e-01 1.700000000000000000e+01 1.575520833333335702e+00 6.054731443625482878e-01 1.967773437500000000e+00 1.417827236033947891e+00 1.851530778125894949e-01 2.000000000000000000e+00
3.144145011901855469e-04 1.773173711710687370e-02 6.225585937500000000e-02 2.052166150097540220e-01 6.445312500000000000e-01 2.555225807198066024e-01 8.642578125000000000e-01 1.408593433445341381e+00 1.849844446229176043e-01 1.170072290632459804e-03 1.526199242253475641e-01 8.992513020833348136e-02 2.100000000000000000e+01 1.333821614583333037e+00 4.949463284028086107e-01 1.499023437500000000e+00 1.417776144174239583e+00 1.850471232385856868e-01 2.000000000000000000e+00
2.748332917690277100e-04 1.657809674748665640e-02 4.486083984375000000e-02 2.376192384323467521e-01 6.475830078125000000e-01 1.861887168114931268e-01 9.472656250000000000e-01 1.407322870160687689e+00 1.842142972667121237e-01 8.294565810097585421e-04 1.284995819908871795e-01 6.937662760416651864e-02 2.200000000000000000e+01 1.167805989583333925e+00 3.808593750000000000e-01 1.533203125000000000e+00 1.419422038563768140e+00 1.860128634697420236e-01 2.000000000000000000e+00
3.615601195229424612e-04 1.901473427431849342e-02 5.350748697916651864e-02 2.052166150097540220e-01 7.430013020833339255e-01 2.706606746087803494e-01 1.040039062500000000e+00 1.408873214586911837e+00 1.851572702037511120e-01 5.155387851927016119e-04 1.013060910540120874e-01 4.862467447916651864e-02 2.200000000000000000e+01 8.988444010416669627e-01 3.912877013549729832e-01 1.103515625000000000e+00 1.417087063967759741e+00 1.845851274258081265e-01 2.000000000000000000e+00
3.437201182047526222e-04 1.853969034813560818e-02 4.882812500000000000e-02 2.160174894839516080e-01 7.226562500000000000e-01 2.223154773014104080e-01 9.130859375000000000e-01 1.408930920289778621e+00 1.851908035254053730e-01 7.569375965330335347e-04 1.227537942275537669e-01 6.856282552083348136e-02 2.100000000000000000e+01 1.025797526041666963e+00 3.451664793819799182e-01 1.557617187500000000e+00 1.418417882870290692e+00 1.854026122471266191e-01 2.000000000000000000e+00
2.258353763156465538e-04 1.502782007862905368e-02 4.964192708333348136e-02 2.052166150097540220e-01 5.615234375000008882e-01 1.845367767775409062e-01 7.421875000000000000e-01 1.407354267046764695e+00 1.842294896822353478e-01 7.300637662410736084e-04 1.205550155917939903e-01 8.575439453125000000e-02 2.000000000000000000e+01 1.020507812500000000e+00 2.829977211543222571e-01 1.425781250000000000e+00 1.413729575618865253e+00 1.825961966116076696e-01 2.000000000000000000e+00
2.850985361470116208e-04 1.688486115273121410e-02 5.788167317708348136e-02 2.052166150097540220e-01 6.131998697916660745e-01 1.967041112892877197e-01 8.886718750000000000e-01 1.407775121264478235e+00 1.844877986797519853e-01 1.172628253698348999e-03 1.527865284990854999e-01 1.028442382812500000e-01 2.100000000000000000e+01 1.246337890625000000e+00 6.164941006770509047e-01 1.782226562500000000e+00 1.415558624459654080e+00 1.837187702288850255e-01 2.000000000000000000e+00
9.540778895219167435e-04 3.088815128041684510e-02 8.331298828125000000e-02 2.052166150097540220e-01 1.139526367187500000e+00 3.561776606413453727e-01 1.650390625000000000e+00 1.396524176814984752e+00 1.778468733154457415e-01 3.601734836896260724e-03 2.677692822874846446e-01 1.739501953125000000e-01 1.900000000000000000e+01 2.159423828125000000e+00 7.445110314228164938e-01 2.924804687500000000e+00 1.407879674224355337e+00 1.793544026605330965e-01 3.000000000000000000e+00
1.283817821078830175e-03 3.583040358520721974e-02 9.114583333333348136e-02 2.484201129065443381e-01 1.360677083333332149e+00 4.034160657370087222e-01 1.806640625000000000e+00 1.397046305184556969e+00 1.781781286676469012e-01 4.085391345951292635e-03 2.851817426989205484e-01 2.684529622395834814e-01 2.000000000000000000e+01 2.105305989583332149e+00 7.001331996071469277e-01 3.203125000000000000e+00 1.407371723298162847e+00 1.790905654629659227e-01 3.000000000000000000e+00
3.804349237018162314e-04 1.950474105703062580e-02 4.130045572916651864e-02 2.376192384323467521e-01 7.609049479166660745e-01 2.598053192155627134e-01 9.326171875000000000e-01 1.394529400249358675e+00 1.766366959465824893e-01 4.360317769977781893e-03 2.946211746413542332e-01 1.958211263020834814e-01 2.300000000000000000e+01 2.315266927083332149e+00 8.491951969113079590e-01 3.359375000000000000e+00 1.403374012255417025e+00 1.767887962218726849e-01 3.000000000000000000e+00
5.054805013868543355e-04 2.248289352789925935e-02 5.900065104166651864e-02 2.484201129065443381e-01 8.683268229166669627e-01 3.756269454245543260e-01 1.176757812500000000e+00 1.395380244685038074e+00 1.771430718637349300e-01 2.178508374426099941e-03 2.082497569277058924e-01 1.218668619791665186e-01 2.100000000000000000e+01 1.709391276041666963e+00 6.152747585746421999e-01 2.617187500000000000e+00 1.404793458785348781e+00 1.774494292493957737e-01 3.000000000000000000e+00
1.474707904789183044e-03 3.840192579531895301e-02 9.755452473958348136e-02 2.268183639581491662e-01 1.450398763020833037e+00 5.238281614117250573e-01 2.231445312500000000e+00 1.395173571547985825e+00 1.770964324757553776e-01 2.726902150445513918e-03 2.329912779599364603e-01 1.832071940104165186e-01 1.900000000000000000e+01 1.865030924479166963e+00 6.734194144194252107e-01 2.553710937500000000e+00 1.406715744132885693e+00 1.786097201915747557e-01 3.000000000000000000e+00
5.887200435002645218e-04 2.426355381019574750e-02 1.007080078125000000e-01 1.944157405355564361e-01 8.349609375000000000e-01 3.235754167005266968e-01 1.152343750000000000e+00 1.395775971736415988e+00 1.773805742697047716e-01 2.863992833428913656e-03 2.387760974042038575e-01 1.520792643229165186e-01 2.000000000000000000e+01 1.938476562500000000e+00 6.810560379176969770e-01 2.680664062500000000e+00 1.405857333773940399e+00 1.781187138838996875e-01 3.000000000000000000e+00
1.075853490167193822e-03 3.280020564214794487e-02 7.578531901041651864e-02 2.160174894839516080e-01 1.216227213541666075e+00 4.638671875000000000e-01 1.953125000000000000e+00 1.397316722203789441e+00 1.783212332558151425e-01 6.620741138855616541e-03 3.630431027529888444e-01 3.604125976562500000e-01 2.300000000000000000e+01 2.582397460937500000e+00 8.976259900806409231e-01 3.393554687500000000e+00 1.410161172794769380e+00 1.809117103247611102e-01 3.000000000000000000e+00
5.635950300428603033e-04 2.374015648732881109e-02 6.266276041666651864e-02 2.268183639581491662e-01 8.333333333333339255e-01 2.344442412867533965e-01 1.108398437500000000e+00 1.395491015953880920e+00 1.772122248562413849e-01 2.928409311506483242e-03 2.414464230465163119e-01 1.436360677083334814e-01 2.200000000000000000e+01 1.986490885416666963e+00 7.009590442232539464e-01 2.900390625000000000e+00 1.403892409238821415e+00 1.769827210719648047e-01 3.000000000000000000e+00
5.496872795952692297e-04 2.344541062970041667e-02 7.405598958333348136e-02 2.160174894839516080e-01 8.821614583333339255e-01 3.840285203700942174e-01 1.069335937500000000e+00 1.396407585162931175e+00 1.777476199940561663e-01 4.053074452612135531e-03 2.840515588986349260e-01 2.650960286458334814e-01 2.400000000000000000e+01 2.096761067708333037e+00 7.123007916369014092e-01 2.910156250000000000e+00 1.404224416589084035e+00 1.772550810227918328e-01 3.000000000000000000e+00
1.237624221377902657e-03 3.517988376015336593e-02 1.021321614583334814e-01 2.484201129065443381e-01 1.243489583333332149e+00 4.476984724598803145e-01 1.694335937500000000e+00 1.395333201806814749e+00 1.771710289429873908e-01 3.303918573591444613e-03 2.564599504350320025e-01 1.338704427083334814e-01 2.100000000000000000e+01 2.259114583333332149e+00 7.864120250958840375e-01 2.739257812500000000e+00 1.405460423940445791e+00 1.779202607458984509e-01 3.000000000000000000e+00
